    0.0200
    0.0400
    0.0600
    0.0800
    0.1000
    0.1200
    0.1400
    0.1600
    0.1800
    0.2000
    0.2200
    0.2400
    0.2600
    0.2800
    0.3000
    0.3200
    0.3400
    0.3600
    0.3800
    0.4000
    0.4200
    0.4400
    0.4600
    0.4800
    0.5000
    0.5200
    0.5400
    0.5600
    0.5800
    0.6000
    0.6200
    0.6400
    0.6600
    0.6800
    0.7000
    0.7200
    0.7400
    0.7600
    0.7800
    0.8000
    0.8200
    0.8400
    0.8600
    0.8800
    0.9000
    0.9200
    0.9400
    0.9600
    0.9800
    1.0000
    1.0200
    1.0400
    1.0600
    1.0800
    1.1000
    1.1200
    1.1400
    1.1600
    1.1800
    1.2000
    1.2200
    1.2400
    1.2600
    1.2800
    1.3000
    1.3200
    1.3400
    1.3600
    1.3800
    1.4000
    1.4200
    1.4400
    1.4600
    1.4800
    1.5000
    1.5200
    1.5400
    1.5600
    1.5800
    1.6000
    1.6200
    1.6400
    1.6600
    1.6800
    1.7000
    1.7200
    1.7400
    1.7600
    1.7800
    1.8000
    1.8200
    1.8400
    1.8600
    1.8800
    1.9000
    1.9200
    1.9400
    1.9600
    1.9800
    2.0000
    2.0200
    2.0400
    2.0600
    2.0800
    2.1000
    2.1200
    2.1400
    2.1600
    2.1800
    2.2000
    2.2200
    2.2400
    2.2600
    2.2800
    2.3000
    2.3200
    2.3400
    2.3600
    2.3800
    2.4000
    2.4200
    2.4400
    2.4600
    2.4800
    2.5000
    2.5200
    2.5400
    2.5600
    2.5800
    2.6000
    2.6200
    2.6400
    2.6600
    2.6800
    2.7000
    2.7200
    2.7400
    2.7600
    2.7800
    2.8000
    2.8200
    2.8400
    2.8600
    2.8800
    2.9000
    2.9200
    2.9400
    2.9600
    2.9800
    3.0000
    3.0200
    3.0400
    3.0600
    3.0800
    3.1000
    3.1200
    3.1400
    3.1600
    3.1800
    3.2000
    3.2200
    3.2400
    3.2600
    3.2800
    3.3000
    3.3200
    3.3400
    3.3600
    3.3800
    3.4000
    3.4200
    3.4400
    3.4600
    3.4800
    3.5000
    3.5200
    3.5400
    3.5600
    3.5800
    3.6000
    3.6200
    3.6400
    3.6600
    3.6800
    3.7000
    3.7200
    3.7400
    3.7600
    3.7800
    3.8000
    3.8200
    3.8400
    3.8600
    3.8800
    3.9000
    3.9200
    3.9400
    3.9600
    3.9800
    4.0000
    4.0200
    4.0400
    4.0600
    4.0800
    4.1000
    4.1200
    4.1400
    4.1600
    4.1800
    4.2000
    4.2200
    4.2400
    4.2600
    4.2800
    4.3000
    4.3200
    4.3400
    4.3600
    4.3800
    4.4000
    4.4200
    4.4400
    4.4600
    4.4800
    4.5000
    4.5200
    4.5400
    4.5600
    4.5800
    4.6000
    4.6200
    4.6400
    4.6600
    4.6800
    4.7000
    4.7200
    4.7400
    4.7600
    4.7800
    4.8000
    4.8200
    4.8400
    4.8600
    4.8800
    4.9000
    4.9200
    4.9400
    4.9600
    4.9800
    5.0000
    5.0200
    5.0400
    5.0600
    5.0800
    5.1000
    5.1200
    5.1400
    5.1600
    5.1800
    5.2000
    5.2200
    5.2400
    5.2600
    5.2800
    5.3000
    5.3200
    5.3400
    5.3600
    5.3800
    5.4000
    5.4200
    5.4400
    5.4600
    5.4800
    5.5000
    5.5200
    5.5400
    5.5600
    5.5800
    5.6000
    5.6200
    5.6400
    5.6600
    5.6800
    5.7000
    5.7200
    5.7400
    5.7600
    5.7800
    5.8000
    5.8200
    5.8400
    5.8600
    5.8800
    5.9000
    5.9200
    5.9400
    5.9600
    5.9800
    6.0000
    6.0200
    6.0400
    6.0600
    6.0800
    6.1000
    6.1200
    6.1400
    6.1600
    6.1800
    6.2000
    6.2200
    6.2400
    6.2600
    6.2800
    6.3000
    6.3200
    6.3400
    6.3600
    6.3800
    6.4000
    6.4200
    6.4400
    6.4600
    6.4800
    6.5000
    6.5200
    6.5400
    6.5600
    6.5800
    6.6000
    6.6200
    6.6400
    6.6600
    6.6800
    6.7000
    6.7200
    6.7400
    6.7600
    6.7800
    6.8000
    6.8200
    6.8400
    6.8600
    6.8800
    6.9000
    6.9200
    6.9400
    6.9600
    6.9800
    7.0000
    7.0200
    7.0400
    7.0600
    7.0800
    7.1000
    7.1200
    7.1400
    7.1600
    7.1800
    7.2000
    7.2200
    7.2400
    7.2600
    7.2800
    7.3000
    7.3200
    7.3400
    7.3600
    7.3800
    7.4000
    7.4200
    7.4400
    7.4600
    7.4800
    7.5000
    7.5200
    7.5400
    7.5600
    7.5800
    7.6000
    7.6200
    7.6400
    7.6600
    7.6800
    7.7000
    7.7200
    7.7400
    7.7600
    7.7800
    7.8000
    7.8200
    7.8400
    7.8600
    7.8800
    7.9000
    7.9200
    7.9400
    7.9600
    7.9800
    8.0000
    8.0200
    8.0400
    8.0600
    8.0800
    8.1000
    8.1200
    8.1400
    8.1600
    8.1800
    8.2000
    8.2200
    8.2400
    8.2600
    8.2800
    8.3000
    8.3200
    8.3400
    8.3600
    8.3800
    8.4000
    8.4200
    8.4400
    8.4600
    8.4800
    8.5000
    8.5200
    8.5400
    8.5600
    8.5800
    8.6000
    8.6200
    8.6400
    8.6600
    8.6800
    8.7000
    8.7200
    8.7400
    8.7600
    8.7800
    8.8000
    8.8200
    8.8400
    8.8600
    8.8800
    8.9000
    8.9200
    8.9400
    8.9600
    8.9800
    9.0000
    9.0200
    9.0400
    9.0600
    9.0800
    9.1000
    9.1200
    9.1400
    9.1600
    9.1800
    9.2000
    9.2200
    9.2400
    9.2600
    9.2800
    9.3000
    9.3200
    9.3400
    9.3600
    9.3800
    9.4000
    9.4200
    9.4400
    9.4600
    9.4800
    9.5000
    9.5200
    9.5400
    9.5600
    9.5800
    9.6000
    9.6200
    9.6400
    9.6600
    9.6800
    9.7000
    9.7200
    9.7400
    9.7600
    9.7800
    9.8000
    9.8200
    9.8400
    9.8600
    9.8800
    9.9000
    9.9200
    9.9400
    9.9600
    9.9800
   10.0000
   10.0200
   10.0400
   10.0600
   10.0800
   10.1000
   10.1200
   10.1400
   10.1600
   10.1800
   10.2000
   10.2200
   10.2400
   10.2600
   10.2800
   10.3000
   10.3200
   10.3400
   10.3600
   10.3800
   10.4000
   10.4200
   10.4400
   10.4600
   10.4800
   10.5000
   10.5200
   10.5400
   10.5600
   10.5800
   10.6000
   10.6200
   10.6400
   10.6600
   10.6800
   10.7000
   10.7200
   10.7400
   10.7600
   10.7800
   10.8000
   10.8200
   10.8400
   10.8600
   10.8800
   10.9000
   10.9200
   10.9400
   10.9600
   10.9800
   11.0000
   11.0200
   11.0400
   11.0600
   11.0800
   11.1000
   11.1200
   11.1400
   11.1600
   11.1800
   11.2000
   11.2200
   11.2400
   11.2600
   11.2800
   11.3000
   11.3200
   11.3400
   11.3600
   11.3800
   11.4000
   11.4200
   11.4400
   11.4600
   11.4800
   11.5000
   11.5200
   11.5400
   11.5600
   11.5800
   11.6000
   11.6200
   11.6400
   11.6600
   11.6800
   11.7000
   11.7200
   11.7400
   11.7600
   11.7800
   11.8000
   11.8200
   11.8400
   11.8600
   11.8800
   11.9000
   11.9200
   11.9400
   11.9600
   11.9800
   12.0000
   12.0200
   12.0400
   12.0600
   12.0800
   12.1000
   12.1200
   12.1400
   12.1600
   12.1800
   12.2000
   12.2200
   12.2400
   12.2600
   12.2800
   12.3000
   12.3200
   12.3400
   12.3600
   12.3800
   12.4000
   12.4200
   12.4400
   12.4600
   12.4800
   12.5000
   12.5200
   12.5400
   12.5600
   12.5800
   12.6000
   12.6200
   12.6400
   12.6600
   12.6800
   12.7000
   12.7200
   12.7400
   12.7600
   12.7800
   12.8000
   12.8200
   12.8400
   12.8600
   12.8800
   12.9000
   12.9200
   12.9400
   12.9600
   12.9800
   13.0000
   13.0200
   13.0400
   13.0600
   13.0800
   13.1000
   13.1200
   13.1400
   13.1600
   13.1800
   13.2000
   13.2200
   13.2400
   13.2600
   13.2800
   13.3000
   13.3200
   13.3400
   13.3600
   13.3800
   13.4000
   13.4200
   13.4400
   13.4600
   13.4800
   13.5000
   13.5200
   13.5400
   13.5600
   13.5800
   13.6000
   13.6200
   13.6400
   13.6600
   13.6800
   13.7000
   13.7200
   13.7400
   13.7600
   13.7800
   13.8000
   13.8200
   13.8400
   13.8600
   13.8800
   13.9000
   13.9200
   13.9400
   13.9600
   13.9800
   14.0000
   14.0200
   14.0400
   14.0600
   14.0800
   14.1000
   14.1200
   14.1400
   14.1600
   14.1800
   14.2000
   14.2200
   14.2400
   14.2600
   14.2800
   14.3000
   14.3200
   14.3400
   14.3600
   14.3800
   14.4000
   14.4200
   14.4400
   14.4600
   14.4800
   14.5000
   14.5200
   14.5400
   14.5600
   14.5800
   14.6000
   14.6200
   14.6400
   14.6600
   14.6800
   14.7000
   14.7200
   14.7400
   14.7600
   14.7800
   14.8000
   14.8200
   14.8400
   14.8600
   14.8800
   14.9000
   14.9200
   14.9400
   14.9600
   14.9800
   15.0000
   15.0200
   15.0400
   15.0600
   15.0800
   15.1000
   15.1200
   15.1400
   15.1600
   15.1800
   15.2000
   15.2200
   15.2400
   15.2600
   15.2800
   15.3000
   15.3200
   15.3400
   15.3600
   15.3800
   15.4000
   15.4200
   15.4400
   15.4600
   15.4800
   15.5000
   15.5200
   15.5400
   15.5600
   15.5800
   15.6000
   15.6200
   15.6400
   15.6600
   15.6800
   15.7000
   15.7200
   15.7400
   15.7600
   15.7800
   15.8000
   15.8200
   15.8400
   15.8600
   15.8800
   15.9000
   15.9200
   15.9400
   15.9600
   15.9800
   16.0000
   16.0200
   16.0400
   16.0600
   16.0800
   16.1000
   16.1200
   16.1400
   16.1600
   16.1800
   16.2000
   16.2200
   16.2400
   16.2600
   16.2800
   16.3000
   16.3200
   16.3400
   16.3600
   16.3800
   16.4000
   16.4200
   16.4400
   16.4600
   16.4800
   16.5000
   16.5200
   16.5400
   16.5600
   16.5800
   16.6000
   16.6200
   16.6400
   16.6600
   16.6800
   16.7000
   16.7200
   16.7400
   16.7600
   16.7800
   16.8000
   16.8200
   16.8400
   16.8600
   16.8800
   16.9000
   16.9200
   16.9400
   16.9600
   16.9800
   17.0000
   17.0200
   17.0400
   17.0600
   17.0800
   17.1000
   17.1200
   17.1400
   17.1600
   17.1800
   17.2000
   17.2200
   17.2400
   17.2600
   17.2800
   17.3000
   17.3200
   17.3400
   17.3600
   17.3800
   17.4000
   17.4200
   17.4400
   17.4600
   17.4800
   17.5000
   17.5200
   17.5400
   17.5600
   17.5800
   17.6000
   17.6200
   17.6400
   17.6600
   17.6800
   17.7000
   17.7200
   17.7400
   17.7600
   17.7800
   17.8000
   17.8200
   17.8400
   17.8600
   17.8800
   17.9000
   17.9200
   17.9400
   17.9600
   17.9800
   18.0000
   18.0200
   18.0400
   18.0600
   18.0800
   18.1000
   18.1200
   18.1400
   18.1600
   18.1800
   18.2000
   18.2200
   18.2400
   18.2600
   18.2800
   18.3000
   18.3200
   18.3400
   18.3600
   18.3800
   18.4000
   18.4200
   18.4400
   18.4600
   18.4800
   18.5000
   18.5200
   18.5400
   18.5600
   18.5800
   18.6000
   18.6200
   18.6400
   18.6600
   18.6800
   18.7000
   18.7200
   18.7400
   18.7600
   18.7800
   18.8000
   18.8200
   18.8400
   18.8600
   18.8800
   18.9000
   18.9200
   18.9400
   18.9600
   18.9800
   19.0000
   19.0200
   19.0400
   19.0600
   19.0800
   19.1000
   19.1200
   19.1400
   19.1600
   19.1800
   19.2000
   19.2200
   19.2400
   19.2600
   19.2800
   19.3000
   19.3200
   19.3400
   19.3600
   19.3800
   19.4000
   19.4200
   19.4400
   19.4600
   19.4800
   19.5000
   19.5200
   19.5400
   19.5600
   19.5800
   19.6000
   19.6200
   19.6400
   19.6600
   19.6800
   19.7000
   19.7200
   19.7400
   19.7600
   19.7800
   19.8000
   19.8200
   19.8400
   19.8600
   19.8800
   19.9000
   19.9200
   19.9400
   19.9600
   19.9800
   20.0000
   20.0200
   20.0400
   20.0600
   20.0800
   20.1000
   20.1200
   20.1400
   20.1600
   20.1800
   20.2000
   20.2200
   20.2400
   20.2600
   20.2800
   20.3000
   20.3200
   20.3400
   20.3600
   20.3800
   20.4000
   20.4200
   20.4400
   20.4600
   20.4800
   20.5000
   20.5200
   20.5400
   20.5600
   20.5800
   20.6000
   20.6200
   20.6400
