   -0.2297   -8.2626    3.2400
   -0.1315   -7.4413    3.5297
   -0.9096   -7.7933    3.8385
   -1.4411   -8.3272    3.4363
   -1.2903   -8.4086    3.7595
   -1.1586   -8.1835    3.9103
   -0.7660   -7.8962    4.0636
   -0.4092   -7.5323    4.2791
   -0.6678   -7.4174    4.5496
   -0.5649   -7.7263    4.7435
   -0.3901   -7.7334    4.7794
   -0.5601   -7.5012    4.6717
   -0.9695   -7.4150    4.5209
   -1.2137   -7.5587    4.5520
   -1.4603   -7.8771    4.7004
   -1.3741   -8.1141    4.9758
   -1.3526   -8.4469    5.0189
   -0.9431   -8.6959    5.4067
   -0.5337   -8.6768    5.7347
   -0.4212   -8.6241    5.9119
   -0.4140   -8.6887    6.0555
   -0.8809   -8.5427    6.2878
   -1.0461   -8.5906    6.8241
   -0.3829   -9.1508    6.9246
    0.0863   -9.8715    5.7994
    1.3505  -11.1069    4.5209
    1.3625  -12.5817    4.7770
    1.3840  -12.5625    5.0069
    4.5659   -8.7797    3.3836
    5.5499   -5.8612    1.4922
    2.8325   -5.8085   -0.3370
   -0.0836   -7.4294   -2.9921
   -1.5082  -11.3056   -0.8062
   -3.2200  -14.7963    2.3182
   -4.0101  -13.2856    1.5832
   -2.3773   -9.4190    0.0724
    1.0129   -7.8699    1.3055
    3.0408   -8.4014    1.6358
    2.0161   -9.0215    1.2097
    0.0911  -10.1037   -0.0066
   -1.3286  -10.2928   -0.5884
   -1.8745   -9.0957    0.0222
   -2.4228   -8.3056    1.0541
   -2.7125   -7.9417    0.7931
   -2.2959   -8.2673   -0.5094
   -1.6494   -8.4852   -0.8541
   -1.8984   -8.5738    0.4914
   -2.1187   -9.1604    0.4531
   -1.5106   -9.2609    0.3597
   -0.9479   -8.9712    0.5656
   -1.1203  -10.0271    1.0948
   -1.5585  -12.6128    1.2408
   -1.3549  -13.7525    0.5417
   -1.2927  -12.8834   -0.1718
   -0.9623  -11.3750    1.0732
   -1.8913  -11.3654    1.6574
   -3.0860  -11.7294    1.1115
   -3.4523  -11.5354    0.1682
   -5.0636  -11.7054   -0.4327
   -5.1617  -11.2002   -0.4423
   -4.0532  -10.6831   -1.0696
   -1.5992  -10.5849   -0.5692
    1.7024  -10.6855   -0.3920
    2.3776  -10.1181   -1.1223
    2.1166   -9.1771    0.2855
    1.9083   -8.7151    2.3158
    2.1334   -8.6025    4.0779
    2.1621   -8.8683    2.1434
    0.4120  -10.8698   -3.5667
   -2.1426  -14.4779   -0.0161
   -4.2088  -17.5090    3.6709
   -2.4347  -19.3884    0.1107
   -0.9408   -9.9241   -0.4878
    0.9554   -2.9642   -2.9850
    3.3736   -2.8948   -3.1621
    4.9011   -2.5237   -1.8597
    4.8987   -1.9371   -0.8278
    3.3880   -2.1071    0.0676
    1.9586   -3.3832    0.8745
    1.1446   -4.9442    2.1913
    0.7591   -7.3192    4.8321
    1.4534  -12.7301   10.8871
   -0.9384  -24.9789   18.6706
   -5.5879  -29.3507   15.0003
   -0.6582  -11.7126    5.7730
    3.2563   -1.2116    3.9917
    4.1733   -0.7520    3.2280
    4.1182   -5.2602    3.4339
    2.9283  -14.4851    4.4993
    3.5747  -20.5999   -2.4870
   10.1085  -12.2274    1.3557
   10.1659   -5.0783    3.2112
    1.9419   -2.6817   -7.4621
   -2.9806   -3.8261  -10.0048
   -1.9248   -6.6489   -6.2650
    0.4622   -9.6680   -4.0073
    1.3864  -13.1587   -1.6897
    3.3640  -15.6439   -0.8086
    3.4191  -16.4483   -0.3154
    0.5724  -12.2393    0.9535
    1.1901   -8.7917    1.9088
    2.6481   -7.9633    1.7891
    0.9818   -8.0375   -0.0569
    0.4766   -8.0662   -2.6857
    0.7950   -8.3416   -1.6322
    0.2994   -8.5499   -1.1055
    2.0137   -8.8084    0.1706
    3.6537  -10.3551    1.4731
    2.9355  -11.5378    1.0229
    1.5420  -12.6248    0.3358
    0.5293  -12.5985    0.6997
    0.3186  -12.0957    1.4276
   -0.1962  -13.1467   -0.2843
   -1.2472  -13.6998   -1.4934
    0.7759  -12.8738    1.3078
    5.1309  -11.3415    2.1769
    3.8955  -12.9528    1.8848
   -0.9192  -14.7197    2.5863
   -1.6830  -12.6655    2.6534
    1.3289  -10.0965   -1.7759
    3.2922  -10.6208   -3.4398
    5.0208  -13.3143   -3.5356
    8.8156  -16.1491   -1.8860
   10.3048  -17.0277    0.3214
    7.4701  -14.6599   -0.0066
    4.3552  -11.9496   -2.2404
    2.8588  -12.1124   -5.2235
    5.5236   -9.7087   -2.1135
    4.6760   -7.1157    0.8290
    3.0240   -6.0312   -0.9858
    2.8253   -4.8460   -3.0352
    2.5667   -2.9355   -4.2778
    3.1964   -1.2380   -3.9905
    3.7016   -0.1917   -3.0137
    3.0959   -0.2492   -2.8365
    2.0807   -0.9938   -1.5053
    2.2555   -2.1621    0.2951
    3.6250   -3.9985    3.3333
    5.4446   -8.3942    9.8647
   11.6839  -23.7028   24.3472
    8.7103  -37.3114   20.1071
    3.7303  -13.8363    4.0492
    4.2116    3.4211    2.3230
    4.4510    4.1394    2.6103
    4.9250   -3.2922    2.6294
   10.8435  -14.2169   -4.5029
   17.7580  -21.6054   -1.4024
   12.0071  -12.2920    0.2831
    5.3177   -0.0145   -3.4734
    1.3409    0.6630   -9.0854
   -3.1075   -3.0288  -10.0502
   -0.4715   -9.2490   -6.9545
    4.6904  -17.3677   -1.8573
    5.0160  -23.0707    2.8090
    2.0137  -18.8952    3.5440
    2.6745   -8.6384    0.4220
    4.3026   -4.3026   -1.9770
    5.5356   -2.9379   -0.4663
    6.0527   -4.1373    0.9152
    4.2379   -8.0208   -0.6554
    2.5811  -10.6400   -2.1877
    1.8844   -9.7494   -0.9571
    2.2387   -7.9489   -0.9978
    3.3161   -7.6544   -0.1430
    4.6425   -9.1460    0.8434
    4.5491  -11.1452    0.6542
    3.0336  -13.2664    0.4938
    1.6139  -14.4396    1.0062
    1.4654  -13.4125    1.1738
    2.8756  -12.4237    0.3693
    4.3169  -11.8706    0.4435
    4.7431  -12.3854    1.1714
    3.7255  -14.7987    1.5497
    1.0368  -14.9951    2.0955
    1.5157  -13.0150    3.8840
    3.2036  -11.3295   -0.7967
    5.5787   -9.9433   -4.6178
    7.3001  -11.3607   -3.6960
    9.9146  -13.8315   -1.9770
   11.6575  -15.5601   -0.6291
   10.4126  -14.2002   -0.9954
    8.7558  -11.2242   -2.7743
    4.3744  -10.6711   -6.4158
    1.7551   -9.6297   -1.7567
    2.5428   -7.3623    2.0883
    2.8373   -6.5627   -1.4718
    2.6098   -5.2459   -2.8102
    2.5811   -2.9043   -3.8828
    3.6465   -0.8238   -4.1557
    4.5013    0.1674   -3.5284
    3.8069   -0.0912   -3.1190
    2.5260   -0.9435   -1.9219
    2.3393   -2.0544   -0.2316
    3.6585   -3.7088    2.7659
    5.8013   -7.5084    9.8144
   12.1507  -20.9470   23.6745
   11.4875  -37.7088   21.2611
    5.3895  -16.7596    5.3995
    3.8452    2.6335    2.8737
    4.0966    3.6654    2.9575
    3.3544   -3.3138    2.1602
    6.2897  -12.3758   -6.5092
   15.3279  -22.0484   -4.5651
   14.2002  -12.3303    3.4124
    6.7758    0.1842   -1.2851
    2.1885    1.2903  -11.9081
   -0.6774   -2.2723  -10.2250
    2.7655   -8.3679   -7.5483
    9.3854  -16.3238   -4.3497
    7.7023  -22.5799    1.4826
    0.8118  -17.3222    3.9247
    1.7048   -8.2195    0.1682
    3.7160   -4.8772   -1.4311
    4.3983   -3.7974    0.9655
    3.6441   -6.4956    0.3071
    1.6091   -9.9529   -1.6825
    1.1901  -10.3431   -1.7663
    2.4255   -8.7989    0.1107
    4.3648   -6.8883    1.9256
    6.3400   -7.9010   -0.0233
    5.6912  -10.4940   -1.7328
    4.2762  -13.0079    0.1682
    1.9802  -12.9408    2.8306
    2.6027  -11.5714    2.7132
    3.0384  -12.1891   -0.0856
    0.4766  -13.4460   -2.2787
    1.0321  -13.1803    1.1786
    5.9737  -12.6631    3.0412
    6.6321  -13.8195    4.4562
    2.3561  -14.3750    1.7675
    0.8286  -12.2800   -4.1461
    4.1182   -8.5571   -4.2898
    7.6808  -11.0350   -1.3210
    9.4549  -14.7580   -0.6650
   10.4844  -16.0533   -0.7129
   12.1819  -14.9567   -1.3114
   11.6073  -11.5426   -2.2068
    9.4812   -8.8970   -2.3649
    3.7686   -8.0040   -3.8205
    0.8286   -8.3775   -0.3226
    1.8126   -8.2602    0.2448
    2.2363   -6.9984   -2.3720
    1.4774   -5.5020   -3.8995
    2.0304   -3.1821   -4.1844
    3.7447   -1.5612   -3.5835
    4.5611   -0.5604   -3.1454
    4.4103   -0.1821   -2.3720
    3.1390   -0.6490   -1.4096
    2.3944   -1.4870   -0.0856
    3.5771   -3.0025    2.7731
    7.0535   -6.9505   10.5231
   14.5066  -23.8608   27.4406
    9.6153  -38.8820   18.4264
    2.8756  -14.3606    4.2072
    3.9219    4.1442    2.6797
    5.2363    2.6909    3.2687
    6.2658   -6.4238    2.4690
    9.8619  -17.3150   -6.3033
   14.9927  -18.2847   -2.9754
   12.4093   -4.0799    2.9383
    6.2754    1.6877   -5.4414
   -2.2169    0.5433  -13.6966
   -2.5808   -4.9921   -9.2051
    3.6705  -12.0119   -6.7223
    8.9281  -21.1386   -1.9602
    3.7782  -24.1960    5.6174
    2.2387  -13.9153    4.8225
    4.4989   -5.9330   -1.3066
    5.0878   -3.7495   -2.2260
    5.5954   -3.0935   -0.6362
    5.1525   -6.4023   -0.7344
    3.3688   -9.5913   -1.2204
    1.9491   -9.5818   -1.3689
    1.5444   -8.0614   -1.4718
    2.6362   -7.2067    0.9415
    4.7790   -9.2657    0.5728
    5.1669  -11.6216   -0.6578
    3.2347  -12.8570    1.4419
    1.6019  -13.3191    2.4810
    2.3321  -13.0079    1.3629
    2.9570  -12.8666   -0.3585
    1.8245  -12.4500   -0.8158
    3.7495  -11.2864    1.0636
    6.5938  -12.6631    1.5066
    4.5348  -15.2034    1.2336
    1.2021  -14.8945    3.4507
    1.4032  -11.8084    1.0062
    3.8716   -8.8611   -4.5388
    6.2586   -9.7709   -4.3281
    9.4381  -12.7349   -2.3696
   11.1188  -14.7915   -1.2037
   11.3774  -14.3750   -0.4687
   10.5969  -11.2170   -1.5508
    7.9561   -9.2561   -4.0001
    4.4582   -9.7110   -3.7607
    1.0608   -9.2131   -0.5141
    1.7910   -8.7175   -0.1287
    2.5955   -7.4198   -2.0536
    3.0193   -4.9993   -2.6498
    3.0384   -2.7463   -4.0384
    3.6705   -1.0464   -3.8253
    4.3097   -0.1199   -3.3393
    4.1110   -0.1127   -2.7240
    2.7224   -0.9626   -1.4335
    2.0400   -2.1765    0.1538
    2.6649   -4.1110    3.2280
    7.0966   -9.1915   12.7737
   15.6582  -29.8487   29.6408
   10.3886  -35.0465   14.9261
    3.7136   -8.0950    2.1291
    3.9243    5.3796    2.3661
    4.0919    2.5329    2.3541
    4.1733   -4.6641    2.3374
    7.4126  -14.9639   -3.9211
   14.8298  -21.0356   -2.1637
   13.4364   -9.0934    1.5975
    6.6465    0.2847   -3.1214
    0.2540    0.4715  -11.0630
   -2.6358   -3.0671   -9.7534
    1.9059   -8.7007   -6.7510
    8.6887  -16.4244   -3.4614
    7.1971  -22.5440    2.8784
    2.4806  -18.2943    5.4450
    3.6274   -8.5044    0.1969
    4.7527   -4.8269   -1.7855
    5.1261   -3.5364   -0.2867
    4.8987   -5.3704   -0.2077
    3.3497   -9.0718   -1.0672
    2.6338  -10.1540   -0.4998
    1.9969   -8.6289   -1.4766
    2.4782   -6.9649   -0.6817
    3.9722   -7.5108   -0.0353
    5.6577   -9.6416   -1.0289
    5.5236  -12.2561    0.0126
    3.7231  -13.4580    2.6175
    2.8900  -12.1914    3.0987
    3.2778  -12.2298    0.5489
    1.0919  -13.4723   -1.4766
   -0.6750  -13.2736   -0.3441
    2.4638  -12.2345    1.6861
    6.5100  -13.4819    2.8928
    4.9298  -14.3175    3.5464
    2.0831  -12.8690    3.2591
    2.7080  -10.3599   -3.0807
    6.4406   -8.3871   -4.4143
    9.3280  -11.4157   -2.8269
   11.2433  -15.0453   -1.5604
   10.7573  -15.6535   -0.0257
    9.5099  -13.4891   -0.6937
    7.3145  -11.2386   -3.9019
    3.2611  -11.7844   -3.8277
    1.8700  -10.2497   -0.0090
    3.1366   -7.5180    0.7476
    3.2443   -5.9713   -2.3050
    3.2994   -4.5803   -3.5787
    3.1198   -3.0719   -4.4933
    3.5340   -2.2914   -4.2922
    4.1900   -1.2978   -3.0712
    4.9897   -0.2611   -2.7767
    4.4079   -0.5101   -1.7879
    3.2706   -1.5181   -0.2149
    3.2850   -3.2299    2.1937
    4.0607   -6.5387    7.9302
    9.9169  -17.2624   21.6322
   11.2362  -36.3082   24.0360
    7.6042  -20.5616    6.5416
    4.4438   -0.0193    2.2871
    4.3169    4.7284    2.8449
    4.0823    0.1291    1.7556
    6.4262   -7.7071    0.4340
    9.8858  -18.5217   -4.1797
   16.7907  -20.4969    0.2017
   10.0199   -5.9809    0.1203
    3.9314    0.9360   -6.4039
   -0.8354    0.3733  -11.2785
   -1.0724   -3.6322   -8.2330
    3.9674   -9.6201   -5.2403
    8.8276  -18.6007   -1.3306
    4.7048  -23.1114    4.7339
    1.7264  -15.2656    4.3676
    3.4694   -6.3616   -0.8517
    4.4294   -3.8812   -1.0624
    4.7096   -3.9003    0.2520
    4.7527   -7.4845    0.3957
    3.6298  -10.1875   -1.9698
    3.0217   -9.9505   -0.8733
    2.8612   -7.8675   -1.1893
    3.5172   -6.5292   -1.0241
    4.7551   -7.4030   -0.4447
    5.9713  -10.1875    0.1275
    4.7718  -12.9073    1.5999
    2.2579  -13.2664    2.4666
    2.6218  -12.3926    1.1067
    2.9043  -12.7182   -0.4782
    1.3170  -13.4316   -1.3138
    1.5253  -12.4548    0.5728
    4.5013  -13.3335    1.4563
    4.2882  -15.2919    2.2153
    1.7647  -14.3319    3.6111
    2.3800  -11.5211    3.2974
    5.2698   -7.8555   -1.8166
    7.7789   -8.4780   -6.3057
    9.5195  -11.3008   -4.1414
   12.4524  -13.9632    0.4172
   11.7605  -14.9376    0.9679
    8.7725  -12.4955   -2.0225
    5.0783  -11.2984   -6.0831
    1.3433  -12.8379   -4.8285
    2.4710  -10.7310    1.1091
    4.3935   -8.0806    1.4060
    4.0655   -5.5930   -1.8980
    4.4653   -2.7655   -2.7886
    4.6090   -1.0800   -3.3297
    4.3385    0.4404   -3.7248
    3.2012    1.3430   -3.1334
    2.8660    0.2009   -1.8812
    2.4542   -2.0113   -0.3633
    2.1573   -3.8764    1.2169
    2.4590   -7.4007    5.8042
    6.6608  -16.2855   17.8015
   12.0717  -31.1559   24.4095
   10.3838  -21.6342    8.2079
    5.7486   -5.0902    2.6821
    5.0471    2.7340    2.5648
    5.7917    3.4930    1.6694
    9.5123   -4.5611    2.9072
   12.6128  -20.6885    2.4642
   13.8554  -23.4490   -3.2531
    6.6656   -3.3592   -4.9099
    3.9099    2.5999   -2.8844
   -0.9384    0.2225  -10.2633
   -3.9694   -3.3592  -10.5267
    2.8660   -8.8036   -5.6880
   10.5969  -17.4898   -2.3026
    7.7406  -23.9182    3.1777
    2.2148  -17.5449    5.2918
    3.3975   -7.4773    0.3765
    4.8676   -4.7239   -1.1725
    4.9657   -3.6633    0.3861
    4.7598   -5.7079   -0.3178
    3.3401   -9.3400   -1.8142
    2.4806  -10.1684   -0.5429
    1.9083   -8.6576   -1.2540
    2.9714   -7.2019   -0.1502
    4.7670   -7.0774   -0.0473
    5.6984   -8.4493   -0.8158
    5.6505  -11.4852   -0.2556
    3.9817  -14.0086    0.7715
    2.2555  -13.2377    2.2224
    3.5891  -11.8826    1.8178
    2.4854  -12.6918   -0.9523
    0.5053  -13.8410   -0.9427
    1.1853  -13.2281    1.4347
    3.4526  -14.1188    1.1043
    3.3233  -14.6694    2.3565
    3.9195  -12.5051    3.9941
    5.4470   -9.2011    0.0581
    6.5483   -7.7502   -4.6872
    7.6425  -10.1252   -3.6027
   10.5586  -13.8937   -1.7376
   11.1524  -15.7109   -0.3992
    9.3591  -14.0230   -0.4519
    8.0567  -11.7509   -2.8772
    5.0232  -11.6551   -4.3760
    3.3113   -9.9505   -0.7248
    3.1007   -7.9202    1.4252
    3.0576   -7.2187   -0.6315
    3.3473   -5.7462   -2.2882
    3.6489   -3.9243   -2.7479
    3.8884   -2.2100   -4.3066
    4.0607   -1.0632   -4.1701
    4.2140   -0.4551   -3.4638
    3.9602   -0.7424   -2.7982
    2.8038   -1.6139   -1.6801
    2.0304   -2.5045   -0.0808
    3.0767   -3.9961    2.7779
    4.6114   -8.3895    9.5343
   14.0014  -24.5288   27.9912
   11.2960  -37.9291   20.0544
    4.4893  -12.9432    3.6613
    4.8197    3.6414    1.3438
    8.0758    2.9902    2.2368
   12.3614   -7.2235    2.2919
   10.3455  -22.3022   -1.4239
    6.8021  -16.9032   -7.2275
    6.1102    1.8529   -3.6769
    5.4374    3.1075   -3.2220
    0.3330   -0.2803  -12.3415
    0.2563   -5.8540   -8.9561
    7.0271  -13.5346   -5.3409
    9.5411  -22.2136    0.1634
    1.8389  -22.5799    6.0436
    1.0943  -11.5570    3.6901
    3.9889   -5.7319   -1.7112
    4.7144   -4.1637   -1.9459
    5.2315   -3.9817    0.0365
    5.1261   -7.1564   -0.1191
    3.9937   -9.6608   -0.4351
    3.1294   -9.8451   -0.7105
    2.6553   -8.8851   -1.6418
    3.3113   -7.4437   -0.2723
    4.7814   -7.5898   -0.1335
    5.6337   -9.7613   -0.7177
    4.8628  -12.6128   -0.3920
    2.2459  -13.5442    1.3629
    1.5779  -12.0765    3.0556
    3.4143  -12.0981    1.7699
    2.0281  -13.3454   -1.3138
    1.0368  -13.5897    0.1012
    2.8397  -12.7613    1.6670
    4.0727  -14.0350    1.2719
    3.8285  -14.6862    2.2679
    4.4486  -12.1388    2.9383
    6.3855   -8.2338   -1.8980
    7.5706   -8.9401   -4.4765
   10.0989  -12.4740   -3.7224
   11.7485  -14.7389   -2.6043
   10.0845  -13.9895   -0.6267
    8.3392  -11.7030   -0.9140
    7.4988  -10.2258   -4.3401
    3.7710  -10.6113   -4.5843
    2.0065   -8.7845   -0.0090
    2.5763   -7.5060    0.9080
    2.2387   -6.5483   -1.6658
    2.7080   -4.7407   -3.2076
    3.4143   -2.7152   -3.5787
    4.3887   -1.4295   -4.0863
    4.9394   -0.6921   -3.4542
    4.7622   -0.6921   -2.4199
    3.4718   -1.6330   -1.2085
    2.7655   -3.1653    0.6255
    3.3257   -5.0926    3.6805
    6.7877   -9.4812   12.4026
   12.6559  -25.5104   25.9538
    8.7869  -32.3793   16.0418
    5.2937  -11.4037    3.9247
    3.9530    1.3214    3.2065
    3.8452    2.0181    2.9072
    5.7822   -3.8261    1.8705
    9.8595  -15.1507    0.1682
   11.5977  -21.8664   -4.5268
   10.9991   -6.6632   -2.7623
    7.7167    2.1929   -0.3226
    2.4590    1.1060  -10.4860
   -2.0038   -2.8732  -11.3766
    2.2292   -9.0096   -7.4573
    8.8779  -16.2233   -2.6402
    7.3408  -22.3141    3.7260
    1.9921  -17.6478    4.9901
    2.6458   -8.1716   -0.2364
    4.2978   -5.5116   -2.8437
    4.7886   -4.9083   -0.5070
    5.2052   -6.1150    1.1714
    4.1062   -9.2178   -0.6219
    2.5644  -10.4964   -1.7711
    1.7695   -9.3615   -0.5644
    2.6889   -7.9872   -0.4878
    4.4630   -7.7765   -0.6195
    5.2004   -8.2673   -1.5005
    4.6617   -9.7733   -0.8733
    3.4981  -11.6958    0.9727
    1.9083  -11.8706    3.0436
    2.9139  -11.6935    1.5401
    3.5627  -12.6296   -0.5285
    1.7096  -13.4245   -0.6817
    1.4080  -12.5506    1.1905
    3.9793  -11.7844    2.1769
    5.5571  -13.4340    2.2823
    3.7375  -13.9249    4.0348
    3.8452  -12.0885    2.8928
    5.7199   -8.7510   -0.1311
    6.3544   -9.4118   -4.9769
    8.5307  -12.2226   -5.5300
   12.4069  -13.9057   -2.0488
   12.2704  -14.4755    0.6423
    9.9241  -12.6320   -0.5213
    7.2067  -10.7501   -3.5763
    2.0616  -10.9584   -4.0600
    1.5325   -8.9234    0.3717
    2.6601   -6.9601    0.9559
    2.9331   -5.5882   -1.4144
    3.2060   -4.3720   -2.3050
    3.7686   -2.7775   -3.3561
    4.1110   -1.9443   -3.8924
    4.4438   -1.4247   -3.2052
    4.7574   -1.1925   -2.2045
    3.6681   -1.8461   -1.3066
    2.6410   -2.9881    0.1012
    2.9355   -4.4055    2.1195
    3.4095   -7.2522    5.7898
    9.4166  -16.7117   20.8158
    9.5937  -36.0616   24.5196
    6.9314  -21.2918    7.0898
    5.1142   -1.5444    3.0460
    3.4981    3.7156    3.3884
    2.6577   -0.0696    0.6806
    5.0208   -5.4996   -1.1797
   10.1612  -15.8330   -4.1126
   17.6358  -22.9677    1.2791
   12.9528   -9.9984    2.2703
    5.5020    0.5433   -4.4167
    0.3761    0.9192  -11.0367
   -1.8338   -2.0759   -9.3440
    4.0799   -7.1588   -6.3416
    9.4644  -14.8754   -4.7184
    7.7693  -23.2622   -0.1143
    0.4503  -19.1107    4.0612
    1.0273   -9.0455    1.0421
    4.0966   -4.9490   -0.9523
    5.1333   -3.3712    0.2448
    4.8005   -6.2059   -0.6985
    3.6298  -10.0965   -2.5157
    2.8924  -10.6615   -2.3792
    2.4446   -9.0335   -1.4718
    3.2228   -7.7430    0.9272
    4.6760   -8.1429    0.2759
    4.6282   -9.2609   -1.5652
    3.0767  -10.9129   -0.3825
    1.3361  -12.1148    1.0445
    1.8964  -11.6025    1.4994
    3.8333  -12.5314    0.9104
    3.2922  -13.5585    0.4004
    1.6258  -13.1228    1.0325
    2.6362  -11.4828    2.1410
    4.6569  -12.8594    1.5568
    4.1733  -14.9879    2.5959
    3.5819  -13.3071    4.3030
    4.3145  -10.3671   -1.0480
    6.7374   -7.8771   -4.4430
    8.2003  -10.0822   -3.2962
   10.8746  -13.5801   -2.5253
   10.1588  -14.0206   -1.2970
    8.4733  -12.5458    0.3430
    8.6792  -11.4277   -1.5101
    6.8141  -11.3463   -3.1765
    3.9027   -9.9457   -1.8812
    3.4526   -7.8651    0.6351
    3.1629   -7.0343   -0.5213
    2.7894   -6.2802   -2.0847
    3.1749   -4.2690   -2.5157
    3.3808   -1.8724   -2.7958
    3.8955   -0.9363   -2.9874
    4.4175   -0.9435   -2.4965
    3.7806   -1.2954   -1.9914
    2.4590   -2.1885   -1.2132
    2.0664   -3.5699    0.4148
    2.9235   -5.4278    3.4866
    5.4135   -9.6703   10.6788
   14.9783  -26.7841   29.3009
   10.1468  -34.9268   17.0641
    4.8915   -9.5913    2.2775
    5.5212    3.8162    1.6502
    5.8995    3.3828    1.4946
    7.1636   -3.3377    1.8298
   10.5466  -15.7109    0.3502
   11.6073  -19.5440   -2.7982
    9.2178   -4.6162   -3.3417
    6.0958    0.5026   -2.9371
    0.5173   -1.0728  -10.1412
   -0.0836   -4.9681   -8.7741
    5.7127  -10.8124   -5.4510
    9.0455  -18.4762   -3.7128
    4.1182  -22.5775    0.7811
    0.7256  -15.4260    4.8824
    2.4806   -7.3432    1.6311
    4.6306   -5.5212   -1.4838
    5.8348   -4.4917   -0.2436
    6.1150   -5.9857    0.8721
    4.4989   -8.6935   -0.9116
    2.7679   -9.7829   -2.0656
    2.6027   -9.5482   -0.8469
    2.3465   -8.8707   -1.1007
    3.1294   -8.3464   -0.7991
    5.0424   -8.9712   -0.3465
    5.4087  -10.4413    0.3190
    3.3664  -11.5857    1.4299
    1.7408  -11.4181    1.4180
    2.7415  -11.5139    0.0892
    3.4167  -12.6200    0.0150
    1.6306  -13.3430   -0.1239
    0.6873  -11.9927    0.2999
    3.4382  -11.0350    1.6167
    6.9362  -13.4700    1.9519
    5.7846  -14.3414    2.5552
    3.7854  -12.0382    2.7396
    4.5468   -8.9688   -1.3904
    5.6529   -8.5068   -4.0695
    8.3631  -11.6360   -3.1933
   13.0486  -14.5689   -1.4982
   12.4548  -13.7189   -0.3729
    9.5027  -10.8220   -0.3633
    8.1692   -9.3016   -2.2475
    4.3983  -10.3192   -2.9083
    3.1126   -9.0886   -1.1510
    3.2467   -7.7813    0.6470
    3.0480   -6.9673   -0.7368
    3.1988   -5.5404   -2.2954
    3.4382   -3.2946   -3.0017
    3.4478   -1.7791   -3.4016
    3.8093   -1.6450   -3.0185
    4.1014   -1.7767   -2.2978
    3.4478   -2.0783   -1.8836
    2.8708   -2.7990   -1.1127
    2.5739   -4.3026    0.6207
    3.6034   -6.7446    3.8768
    6.9194  -11.9999   10.2382
   14.0374  -30.7920   30.4764
   10.1899  -32.3626   13.1615
    5.7486   -6.9218    0.9008
    5.2459    4.2950    2.4307
    3.0049    3.1027    1.4443
    0.5939   -2.7200   -0.6410
    2.9809  -10.7956   -2.7240
   12.3830  -20.6454   -1.7687
   16.9870  -16.1610    2.6965
   10.1420   -4.1421    0.3789
    5.2985    0.1746   -7.9218
   -0.8809   -1.1494  -10.6991
   -0.0501   -6.1868   -7.4382
    6.4334  -12.5769   -5.5180
    7.0774  -19.3860   -0.2268
    1.7719  -19.2567    4.6382
    2.0664  -11.6551    1.8226
    4.3887   -6.2083   -1.5676
    5.5978   -4.5180   -0.5716
    6.1317   -5.3847    0.6518
    4.9586   -8.3703   -0.4710
    3.2778  -10.9465   -1.8764
    2.1166  -10.7262   -0.8445
    1.4008   -9.2346    0.2759
    1.5277   -8.3727   -0.1454
    3.1031   -8.6265   -1.3354
    4.7239   -9.1939   -1.4838
    5.3033  -10.0750   -0.2819
    4.3720  -11.2146    0.8218
    2.8900  -11.2338    1.1977
    2.6577  -11.6049    0.4938
    2.4016  -12.9025   -0.3274
    1.5995  -12.8882   -0.1406
    3.0719  -11.0853    0.7763
    5.9067  -10.2833    2.0022
    5.5332  -12.4309    2.0046
    2.9067  -14.2768    2.7851
    2.8158  -12.8738    2.0716
    4.8556   -9.1628    0.5920
    6.4094   -9.1077   -2.9155
    7.4701  -12.5027   -5.0943
   10.2881  -13.9177   -3.2076
   10.4700  -12.9839   -1.1582
    7.5275  -11.1643   -1.1247
    5.5739  -10.9800   -2.6426
    4.1038  -11.2864   -3.9977
    3.7591   -8.7630   -1.3401
    3.4382   -6.8811    1.0972
    3.0145   -6.5076   -0.7105
    3.1031   -5.9665   -1.7017
    3.1318   -4.8365   -1.8932
    3.1940   -4.1349   -2.1949
    4.0296   -3.5292   -2.0345
    5.2435   -3.0719   -1.5484
    5.3584   -3.3425   -0.7368
    4.3313   -4.0966    0.0389
    3.7758   -4.3983    0.7141
    4.3648   -4.2690    2.0955
    4.8436   -5.8277    4.8417
    6.5124  -13.1683   14.3730
    6.3520  -30.6603   22.1996
    7.5634  -23.8775   10.6117
    6.8428   -6.0359    2.9527
    5.7032    1.5369    2.8234
    3.0815    0.2536    2.0381
    6.2155   -6.6824    0.9774
    9.1125  -15.6511   -3.3848
   12.2992  -15.9791   -5.0009
   11.6384   -6.9984   -0.1191
    6.1844   -1.3313   -4.3832
    1.1590   -1.4942  -10.3471
    1.6570   -4.4582   -6.4781
    5.3775   -9.3543   -3.7152
    6.9888  -17.2719   -1.8860
    4.1421  -20.4634    0.9990
    1.9682  -13.4939    1.9232
    3.0528   -7.2809   -0.2460
    4.8963   -5.4661   -0.3322
    5.9713   -5.2363    1.0277
    5.5643   -7.5634    0.9511
    4.2235   -9.1436   -1.7759
    2.4925   -9.0957   -1.9219
    2.0759   -8.8659   -0.1885
    2.3680   -8.6600   -0.1047
    3.9530   -8.7414   -1.0863
    5.4733   -9.0167   -1.4191
    5.5691   -9.5482   -0.4591
    4.5755  -10.1516    0.5968
    3.8907  -10.5682    1.2767
    3.5172  -11.2146    1.1522
    2.8445  -12.3447   -0.5644
    1.2763  -13.1348   -1.5676
    0.2540  -12.3519   -0.2005
    3.0552  -10.5969    1.5520
    6.7087  -11.3223    1.9591
    6.7446  -13.4460    2.6893
    4.2570  -13.4867    4.3030
    3.2850  -11.7629    2.8641
    3.8644  -10.1803   -0.7009
    3.4335  -10.9297   -4.8476
    5.9043  -12.7373   -5.5132
   11.3702  -13.5897   -2.5037
   12.1819  -13.4604   -1.1989
    9.0550  -11.4564   -1.7807
    6.4789  -10.4628   -3.1621
    3.4646   -9.8763   -4.0480
    1.9179   -8.6504   -0.1718
    2.9570   -7.5251    1.5090
    2.8517   -7.3408   -1.1390
    3.3521   -6.4214   -1.6538
    4.2666   -5.0639   -1.2851
    4.8795   -4.1709   -1.7687
    5.7439   -2.8373   -1.6682
    6.0719   -1.7719   -0.8182
    5.3632   -1.9945    0.0605
    4.2092   -2.9426    0.0820
    3.4574   -3.6896   -0.2556
    3.4909   -4.3049   -0.0592
    3.4191   -5.6170    0.7979
    3.2802   -9.9792    4.8560
    6.1174  -23.3125   20.9235
    7.3097  -34.5916   21.1342
    5.4206  -16.1802    7.1042
    4.4318   -0.5077    4.4586
    3.6681    3.5672    1.0684
    3.7734   -1.3385   -1.5029
    8.5522   -7.9561   -1.4527
   11.2936  -19.2136    0.3669
   12.8594  -19.0437    3.4530
   10.0079   -2.8397   -1.5652
    7.9130    1.7141   -4.5077
    2.2411    0.5744   -9.0854
    0.4359   -4.2547   -6.4829
    5.2219  -10.4317   -5.1326
    9.4597  -18.3613   -4.7663
    5.8540  -22.3189   -0.1646
    0.7328  -14.9591    3.6853
    1.6976   -7.6401    0.8362
    2.8588   -6.2538   -2.0584
    3.8836   -5.6433   -1.0935
    5.2507   -6.6249   -0.0760
    5.0424   -8.9449   -1.8094
    3.5196  -10.0510   -2.9251
    3.5508   -9.8786    0.0772
    4.0943   -9.5578    1.8801
    3.6609   -9.3830   -0.5453
    2.8349   -8.8827   -2.5013
    2.4877   -9.0479   -0.7991
    2.5811  -10.2905    1.7651
    2.8684  -10.8842    1.9423
    3.7351  -10.4964    0.2568
    4.3672  -10.5993   -0.3705
    3.8429  -11.2673   -0.1191
    2.6434  -11.8299   -0.1670
    2.0328  -11.2793    0.2089
    2.4782  -10.4604    1.5305
    5.5571  -11.6312    3.1849
    7.4916  -12.4069    3.0915
    5.7702  -11.8634   -0.5836
    4.0655  -11.1787   -5.0679
    6.7279  -10.6999   -5.3983
   11.5187  -12.5961   -1.8764
   12.0933  -13.1204   -0.7248
    9.5075  -10.9369   -0.3250
    7.6832   -9.0742   -0.6458
    7.2570   -8.2003   -1.8166
    5.4494   -7.5587   -0.7871
    4.3959   -5.9019    0.9152
    3.2587   -6.2059   -0.6626
    3.0480   -7.5036   -1.6179
    2.3585   -7.7646   -2.0632
    2.4782   -6.9122   -2.9514
    3.2371   -5.5044   -2.6163
    4.1852   -4.6689   -1.4742
    5.5260   -4.3768   -0.1023
    5.6098   -5.2602    0.7715
    4.4414   -7.2091    1.7197
    4.6234   -8.3033    2.3900
    5.5116   -8.5738    3.1490
    6.7135   -8.6887    3.7116
    7.2378   -9.8308    3.5129
    6.3975  -11.6551    4.7603
    5.6816  -11.5426    5.9933
    5.7726   -9.2298    4.4227
    5.3320   -7.8077    2.4810
    5.5667   -8.1596    1.9399
    6.5507   -9.8523    1.7460
    7.5802  -11.2410    1.9974
    8.3751  -11.3918    2.9766
    4.5539  -10.9824    1.9351
    2.3872   -9.4070   -1.7256
    3.6034   -6.0814   -2.9921
    4.5491   -3.9147   -2.0847
    5.8324   -5.0184   -0.1622
    5.9354   -6.9912    0.5561
    6.4573   -9.6177   -0.2053
    6.6393  -11.1931   -0.8637
    7.0247  -10.8986   -0.9906
    6.3496   -8.6289   -0.6243
    5.4709   -7.6305   -0.1694
    4.7239   -8.0758    0.4316
    3.9290   -9.3447    0.4675
    3.2252   -9.9169   -0.2987
    3.1868  -10.1157   -0.6051
    4.1302  -10.2330   -0.6386
    4.7981   -9.8834   -0.2340
    4.9729   -9.2825   -0.0066
    4.8604   -8.8755    0.1706
    4.6138   -8.5930    0.2927
    4.8580   -8.5523    0.2017
    5.1190   -8.7198   -0.1454
    5.2674   -9.0598   -0.2987
    5.3608   -9.2825   -0.1167
    5.4853   -9.2873   -0.0066
    5.2459   -9.2585   -0.0425
    4.6904   -8.7965   -0.1646
    4.2690   -8.7773   -0.5692
    4.2235   -9.8882   -1.1366
    4.2164   -9.8260   -1.1845
    4.3504   -8.7917   -0.8517
    5.2339   -8.8228   -0.5692
    5.5547   -8.8563   -0.2675
    5.1693   -7.4845    0.1323
    5.7558   -7.2666    0.7309
    6.1940   -8.5451    0.3861
    6.3903   -9.2633   -0.2197
    5.7582   -8.4828    0.1945
    6.0479   -9.7757    0.3310
    5.3440   -9.7781    0.6303
    5.1238   -8.1812    0.3119
    5.2171   -7.6880    0.0030
    5.2411   -8.0184    0.6016
    4.9753   -8.5068    0.9942
    4.7790   -8.3559    0.4866
    4.9131   -8.3296   -0.4112
    6.6872  -11.3583   -1.3521
    5.9138  -10.3671    0.4388
    7.0487   -6.0024    0.3789
    6.5531   -8.0758   -0.1885
    5.2411   -9.2777   -0.4543
    6.3472   -9.2705    0.2712
    7.4844   -9.1508    0.0269
    7.1014   -8.4709   -0.8278
    3.9937  -10.9321    0.5441
   -0.4140   -9.1460    2.4188
    0.0911   -8.0591    0.7261
    2.9115   -9.7924   -0.4016
    3.6370  -10.2019    0.6255
    4.2259   -9.3543    0.3717
    4.1709   -8.5762   -0.1311
    3.6872   -8.6576   -0.0999
    3.5436   -7.5874   -0.0473
    4.3935   -9.6129   -0.2005
    4.6306   -9.5171   -0.5165
    4.0057   -9.4166   -0.2532
    3.6010  -10.1588   -0.1167
    3.2946  -10.8746    0.2017
    3.2635  -10.9489    0.4938
    3.1605  -10.4054    0.7141
    3.6681  -10.4964    0.2807
    4.5611  -12.8762    0.3406
    3.6226  -13.7980    0.6686
    0.4551  -12.5673    2.0309
    0.1342  -12.1244    1.8370
    1.2356  -11.7389    0.2472
    2.4087  -11.6719   -1.9746
    2.5691  -11.8634   -2.2308
    1.5253  -12.1555    0.2640
    0.9124  -11.3032    2.3206
    0.9171   -9.6656    0.5513
    0.7855   -8.7606    0.5321
    2.6194   -7.9202    1.3893
    5.0112   -7.8340    2.1027
    3.8931   -8.7558    0.6135
   -0.7780  -11.5306   -0.5237
   -4.9127   -9.8164   -0.2556
   -3.2368   -8.9066    2.4451
    0.2563   -8.7510    0.6447
    1.7048   -8.1261    0.3861
    0.9914   -7.7981    1.4611
   -0.0022   -6.8236    1.0684
   -0.8594   -7.0056    0.0844
   -1.5345   -7.8555   -0.0425
   -1.1155   -6.5483    0.3621
   -0.3231   -7.5156    1.7484
   -0.7732   -8.7989    1.4802
   -1.8936   -9.2825    1.2600
   -1.9056   -9.0790    1.1283
   -1.7189  -10.4437    0.7620
   -2.1953  -10.8004    0.7572
   -2.2672  -10.1492    1.2935
   -2.1522  -10.0295    1.2456
   -1.9894   -9.6464    1.0541
   -1.9320   -9.1412    1.0469
   -1.9655   -9.5530    0.9296
   -1.8697  -10.0367    0.9176
   -2.0157  -10.1205    1.2288
   -1.8601   -9.8882    0.9391
   -1.7691   -9.4405    1.0612
   -1.4124   -9.6273    1.2911
   -1.9056   -9.7110    1.0852
   -1.7189   -9.5674    1.0157
   -1.8673   -9.6536    1.0397
   -1.9487   -9.6632    1.1307
   -1.8146   -9.5937    1.1690
   -1.7165   -9.5291    1.1714
   -1.8889   -9.6727    1.1690
   -1.9367   -9.6225    1.2025
   -1.8314   -9.5554    1.2145
   -1.7668   -9.5698    1.3150
   -1.6925   -9.4333    1.2695
   -1.7500   -9.5985    1.2384
   -1.7428   -9.2657    1.3916
   -1.8075   -9.7757    1.1570
   -1.8051   -9.7877    1.3869
   -1.6183   -9.6799    1.3533
   -1.7189   -9.7565    1.4754
   -1.7117   -9.5626    1.3294
   -1.7261   -9.4573    1.4299
   -1.6830   -9.4501    1.4443
   -1.5369   -9.4740    1.3366
   -1.6063   -9.4525    1.4659
   -1.9056   -9.8260    1.3294
   -1.6830  -10.0055    1.1881
   -1.6231   -9.5291    1.3893
   -1.6375   -9.4214    1.3485
   -1.6830   -9.5459    1.5161
